b7
00
cd
ab
13
81
00
00
93
81
00
00
33
02
31
00
93
52
02
01
13
c3
f2
ff
93
13
83
00
13
d4
c1
40
93
64
74
18
13
75
24
17
b3
85
a2
40
33
96
64
00
b3
c6
c4
00
33
d7
66
00
b3
57
66
40
33
68
d6
00
b3
78
d6
00
33
29
94
00
b3
39
94
00
13
8a
2a
01
93
0a
1b
01
b3
8b
8a
01
33
0b
4b
01
93
8b
fb
ff
e3
9c
8b
ff
93
0a
50
00
13
0b
50
00
13
05
00
00
63
84
6a
01
13
05
10
00
13
05
25
00
93
0a
30
00
13
0b
50
00
93
05
00
00
63
c4
6a
01
93
05
90
00
93
85
15
00
93
0a
a0
00
13
0b
a0
00
13
06
00
00
63
d4
6a
01
13
06
50
00
13
06
76
00